806 8070
426 4271
166 1667
861 8619
430 4308
579 5794
233 2338
492 4930
2 29
695 6953
97 978
671 6716
79 794
143 1438
620 6208
331 3316
913 9134
644 6445
533 5337
62 628
894 8950
765 7660
565 5655
805 8058
121 1218
947 9477
620 6209
45 458
403 4038
238 2391
148 1483
71 714
89 895
280 2803
905 9054
752 7527
799 7996
846 8469
419 4199
66 667
503 5040
821 8220
53 535
466 4665
80 805
973 9733
239 2395
64 645
588 5885
944 9446
34 348
338 3387
532 5328
48 487
75 754
646 6463
823 8240
534 5349
2 26
657 6574
516 5169
137 1375
273 2738
64 646
237 2373
81 814
115 1157
76 767
563 5635
640 6410
307 3078
274 2751
581 5820
753 7534
75 758
280 2808
470 4705
815 8155
670 6709
390 3909
475 4761
540 5406
852 8526
592 5928
405 4060
677 6780
440 4407
787 7878
981 9816
387 3879
990 9908
46 471
796 7966
418 4186
755 7559
455 4555
918 9184
123 1235
233 2337
373 3741
912 9130
897 8981
366 3671
214 2143
901 9019
383 3838
313 3134
68 683
818 8189
854 8551
251 2520
406 4066
920 9209
785 7854
554 5551
746 7466
883 8833
405 4054
145 1456
509 5099
387 3877
493 4936
54 544
884 8843
975 9760
489 4899
7 78
625 6258
164 1643
402 4030
589 5901
151 1518
602 6027
322 3223
465 4654
359 3597
191 1916
796 7965
312 3131
568 5688
238 2390
118 1189
616 6164
290 2909
741 7415
846 8468
825 8261
939 9396
262 2625
852 8524
447 4474
293 2934
498 4991
474 4745
702 7029
702 7030
660 6608
82 828
987 9881
443 4439
130 1311
809 8093
638 6383
989 9897
149 1495
242 2426
656 6567
202 2028
74 751
607 6080
800 8009
598 5986
210 2105
648 6483
357 3573
38 383
345 3461
672 6723
776 7766
548 5490
140 1404
371 3717
862 8628
830 8304
24 245
905 9056
5 61
238 2389
964 9647
57 579
821 8219
709 7100
25 256
513 5133
915 9158
248 2489
779 7801
482 4826
940 9409
405 4056
63 633
418 4187
222 2228
10 103
597 5975
955 9556
192 1923
952 9526
846 8465
78 790
673 6741
211 2117
0 10
493 4933
425 4259
608 6086
276 2765
710 7110
335 3361
711 7113
746 7464
348 3490
439 4401
922 9229
659 6598
64 648
280 2807
793 7940
280 2807
826 8270
996 9963
789 7895
2 25
622 6231
476 4766
183 1833
992 9928
763 7637
963 9638
59 601
980 9810
184 1846
789 7901
449 4497
541 5415
213 2139
110 1105
291 2921
481 4815
235 2358
350 3505
151 1520
503 5039
45 455
497 4977
704 7051
698 6991
626 6267
526 5267
430 4311
27 275
845 8459
233 2340
15 160
561 5618
566 5663
651 6513
480 4805
313 3140
85 859
282 2823
300 3004
386 3864
668 6690
182 1830
54 550
661 6617
66 667
457 4575
141 1415
898 8984
288 2886
423 4237
856 8566
386 3870
155 1561
372 3725
950 9511
173 1737
892 8929
817 8177
333 3333
754 7547
910 9108
312 3128
603 6034
214 2146
542 5424
838 8388
667 6673
34 350
695 6957
449 4498
506 5065
396 3971
893 8941
773 7733
612 6130
107 1081
588 5885
179 1797
656 6570
637 6379
96 967
415 4160
462 4623
990 9909
849 8495
113 1140
194 1947
281 2819
861 8616
972 9724
163 1635
102 1023
409 4095
196 1968
240 2404
608 6087
705 7059
127 1275
431 4317
687 6876
996 9969
375 3758
512 5130
295 2960
165 1661
631 6314
190 1910
230 2310
517 5181
274 2751
932 9330
671 6715
305 3054
207 2080
52 529
402 4029
107 1074
917 9175
48 486
582 5830
412 4124
121 1213
400 4004
873 8738
913 9138
273 2733
170 1708
513 5135
782 7824
580 5810
432 4331
135 1354
716 7166
901 9020
276 2770
949 9499
88 888
177 1774
793 7938
179 1799
281 2820
3 37
171 1716
677 6777
834 8349
988 9891
916 9163
252 2525
868 8688
824 8243
618 6188
41 416
269 2694
226 2266
546 5463
869 8700
218 2187
856 8567
946 9467
649 6499
699 6999
46 466
58 585
394 3945
210 2107
901 9017
147 1474
291 2917
485 4861
903 9036
178 1784
763 7639
594 5950
739 7394
443 4440
918 9183
826 8270
313 3141
851 8519
907 9079
487 4877
55 553
808 8085
460 4611
140 1411
610 6106
819 8196
206 2069
87 880
736 7369
512 5125
690 6909
430 4311
604 6050
902 9030
824 8243
675 6761
382 3824
292 2927
733 7338
934 9344
101 1017
45 460
410 4110
200 2004
982 9830
496 4963
716 7169
145 1454
545 5458
259 2601
933 9338
699 6996
631 6313
656 6566
816 8169
445 4454
818 8187
391 3915
309 3099
152 1527
112 1125
523 5233
81 815
659 6598
862 8623
669 6694
799 7993
923 9236
900 9007
512 5124
724 7248
479 4800
379 3799
178 1790
729 7297
887 8879
935 9359
465 4658
591 5919
25 254
982 9827
888 8887
223 2233
306 3070
347 3481
70 708
310 3106
436 4369
611 6114
675 6754
299 2995
356 3570
23 238
376 3766
13 136
971 9715
351 3515
672 6723
984 9851
956 9569
799 7994
672 6728
126 1266
617 6180
846 8464
872 8731
